68643
68610
68586
68578
68565
68563
68565
68575
68590
68615
68632
68650
68661
68673
68673
68680
68680
68688
68713
68733
68749
68763
68783
68801
68821
68838
68844
68864
68877
68893
68908
68922
68936
68952
68972
68994
69015
69029
69061
69083
69104
69096
69037
68935
68838
68757
68691
68641
68612
68594
68576
68565
68553
68544
68545
68566
68592
68618
68631
68642
68640
68643
68653
68654
68672
68687
68703
68725
68744
68761
68768
68783
68806
68822
68839
68858
68873
68896
68910
68922
68937
68950
68953
68973
69000
69019
69036
69046
69045
68986
68897
68804
68732
68675
68637
68613
68601
68593
68585
68571
68570
68582
68590
68622
68640
68654
68665
68660
68668
68676
68682
68681
68684
68707
68725
68741
68758
68769
68784
68801
68824
68840
68852
68864
68888
68902
68922
68939
68955
68976
68998
69014
69027
69029
68974
68896
68810
68736
68681
68645
68634
68614
68608
68587
68585
68584
68587
68609
68630
68645
68655
68653
68654
68667
68667
68670
68670
68672
68688
68704
68723
68749
68780
68790
68813
68832
68849
68863
68869
68880
68886
68904
68922
68948
68979
69012
69032
69051
69065
69047
68982
68885
68805
68737
68679
68632
68606
68591
68576
68564
68564
68561
68557
68579
68600
68622
68635
68643
68642
68640
68646
68648
68655
68676
68698
68711
68737
68751
68772
68789
68813
68829
68854
68870
68879
68897
68911
68930
68953
68967
68980
68997
69011
69033
69055
69065
69050
68980
68878
68787
68717
68660
68633
68612
68590
68575
68559
68546
68543
68553
68565
68591
68609
68619
68625
68615
68616
68613
68625
68637
68661
68680
68705
68715
68728
68736
68749
68774
68798
68809
68824
68837
68845
68857
68869
68880
68906
68931
68948
68970
68988
68997
68963
68888
68802
68724
68659
68614
68587
68582
68573
68562
68542
68525
68521
68529
68546
68558
68564
68561
68566
68563
68564
68572
68582
68597
68623
68654
68674
68695
68712
68727
68747
68770
68778
68790
68805
68823
68831
68847
68858
68885
68905
68911
68933
68947
68975
68961
68898
68808
68727
68654
68589
68552
68524
68512
68500
68495
68487
68477
68479
68493
68513
68527
68539
68540
68545
68543
68535
68548
68558
68579
68595
68619
68648
68682
68709
68725
68738
68750
68762
68777
68795
68813
68841
68858
68879
68893
68909
68925
68940
68967
68987
68984
68927
68833
68748
68676
68627
68597
68571
68566
68571
68567
68557
68555
68577
68600
68620
68642
68644
68648
68646
68648
68656
68659
68673
68685
68705
68721
68748
68770
68800
68818
68839
68861
68876
68898
68922
68943
68954
68964
68971
68993
69012
69029
69050
69070
69080
69029
68943
68843
68772
68723
68694
68664
68642
68634
68633
68625
68610
68616
68640
68666
68678
68682
68692
68694
68690
68688
68688
68689
68707
68733
68760
68798
68823
68841
68860
68870
68885
68898
68911
68927
68940
68950
68973
68984
69015
69038
69068
69096
69110
69095
69023
68936
68842
68772
68720
68691
68675
68671
68655
68642
68635
68634
68655
68683
68701
68709
68708
68717
68719
68719
68731
68740
68754
68764
68788
68805
68819
68841
68868
68888
68903
68921
68926
68942
68957
68974
68988
69002
69019
69036
69060
69091
69115
69143
69153
69130
69060
68964
68876
68813
68752
68715
68677
68656
68647
68652
68658
68655
68652
68673
68688
68716
68727
68734
68734
68729
68738
68758
68765
68776
68792
68813
68839
68862
68886
68907
68919
68948
68965
68983
69005
69025
69042
69060
69072
69087
69106
69111
69143
69174
69201
69225
69206
69124
69012
68916
68838
68786
68738
68710
68698
68679
68669
68660
68664
68675
68704
68721
68736
68747
68749
68758
68763
68763
68772
68779
68786
68804
68830
68848
68868
68880
68905
68927
68937
68957
68974
68998
69014
69033
69054
69069
69082
69115
69138
69166
69187
69169
69093
68980
68887
68811
68752
68716
68695
68683
68680
68673